c PicoSAT SAT Solver Version 965
c Copyright (c) 2006 - 2014 Armin Biere JKU Linz
c gcc -Wall -Wextra -DNDEBUG -O3
c
c using 2 as default phase
c
c parsing infile.cnf
c parsed header 'p cnf 3456 104391'
c initialized 3456 variables
c found 104391 non trivial clauses
c
c random number generator seed 0
c 
c  seconds     variables   original    learned     agility
c         level        used      conflicts    limit          MB
c 
c s   0.2   0.0  3417   1.1 88899     0     0     0   0.0   7.2 
c 
c initial reduction limit 1000 clauses
c 
c +   0.2 231.2  3417   5.8 88899   100   100  1100   3.7   7.3 
c R   0.2 231.2  3417   5.8 88899   100   100  1100   3.7   7.3 
c +   0.2 193.6  3417   6.1 88899   221   221  1210   9.6   7.3 
c +   0.2 175.6  3417   6.1 88899   367   367  1331  14.9   7.4 
c R   0.2 171.2  3417   6.1 88899   401   401  1331  15.4   7.4 
c +   0.2 152.2  3417   6.1 88899   543   543  1464  16.2   7.4 
c +   0.2 135.0  3417   6.1 88899   755   755  1610  16.0   7.5 
c +   0.2 117.4  3417   6.1 88899  1011  1011  1771  15.5   7.5 
c R   0.2 109.0  3417   6.1 88899  1205  1205  1771  16.0   7.6 
c +   0.2 101.5  3417   6.1 88899  1320  1320  1948  16.5   7.6 
c +   0.2  89.8  3417   6.1 88899  1693  1693  2142  18.1   7.7 
c +   0.2  79.7  3417   6.1 88899  2144  2144  2356  16.3   7.8 
c +   0.3  71.4  3417   6.1 88899  2689  1507  2591  19.1   7.6 
c R   0.3  65.9  3417   6.1 88899  3206  2024  2591  22.2   7.8 
c +   0.3  64.2  3417   6.1 88899  3348  2166  2850  18.5   7.8 
c +   0.3  57.5  3417   6.1 88899  4145  1536  3135  22.7   7.6 
c +   0.3  52.2  3417   6.1 88899  5109  2500  3448  18.6   7.9 
c +   0.3  47.6  3417   6.1 88899  6275  1939  3792  17.9   7.7 
c +   0.4  43.6  3417   6.1 88899  7685  3349  4171  19.7   8.1 
c R   0.4  42.7  3417   6.1 88899  8019  3683  4171  18.2   8.1 
c 
c  seconds     variables   original    learned     agility
c         level        used      conflicts    limit          MB
c 
c +   0.4  39.8  3417   6.1 88899  9391  2965  4588  18.1   8.0 
c +   0.4  37.7  3417   6.1 88899 11455  2731  5046  23.9   8.0 
c +   0.5  35.5  3417   6.1 88899 13952  2702  5550  16.8   7.9 
c +   0.6  33.7  3417   6.1 88899 16973  2944  6105  16.4   8.0 
c R   0.6  32.5  3417   6.1 88899 19244  5215  6105  18.9   8.5 
c +   0.7  31.9  3417   6.1 88899 20628  3542  6715  16.5   8.1 
c +   0.8  30.3  3417   6.1 88899 25050  4604  7386  19.4   8.4 
c +   0.9  29.4  3417   6.1 88899 30400  6257  8124  21.8   8.8 
c +   1.1  28.7  3417   6.1 88899 36873  4601  8936  18.8   8.3 
c +   1.3  28.0  3417   6.1 88899 44705  7960  9829  21.6   9.2 
c R   1.3  28.0  3417   6.1 88899 44921  8176  9829  21.7   9.3 
c +   1.6  27.3  3417   6.1 88899 54181  7602 10811  17.5   9.1 
c +   2.0  27.1  3417   6.1 88899 65646  8249 11892  17.1   9.3 
c +   2.5  26.7  3417   6.1 88899 79518 10220 13081  27.3   9.8 
c +   3.1  26.4  3417   6.1 88899 96303  7370 14389  25.3   8.9 
c R   3.4  26.0  3417   6.1 88899 102e3 13719 14389  21.9  10.4 
c +   3.9  25.7  3417   6.1 88899 116e3 13281 15827  18.9  10.4 
c +   4.9  25.8  3417   6.1 88899 141e3 14103 17409  24.3  10.5 
c +   6.2  25.6  3417   6.1 88899 170e3  8996 19149  17.0   9.5 
c +   7.9  25.3  3417   6.1 88899 206e3 16237 21063  19.4  11.2 
c R   9.0  24.7  3417   6.1 88899 230e3 19174 21063  20.2  11.6 
c +  10.3  24.7  3417   6.1 88899 250e3 17625 23169  19.7  11.4 
c 
c  seconds     variables   original    learned     agility
c         level        used      conflicts    limit          MB
c 
c +  14.1  24.5  3417   6.1 88899 303e3 12355 25485  19.8  10.1 
c +  18.8  24.3  3417   6.1 88899 366e3 25101 28033  17.9  13.1 
c +  24.9  24.1  3417   6.1 88899 443e3 18095 30836  19.2  11.2 
